358 63
731 121
832 988
663 695
573 4
802 201
438 938
730 870
874 159
266 308
377 824
714 808
748 195
486 359
272 285
129 613
532 633
977 812
83 113
486 399
510 640
364 208
927 97
834 399
962 803
628 911
143 160
49 277
491 610
222 515
721 644
976 992
24 472
300 17
662 286
702 739
808 799
233 311
970 433
396 617
511 618
644 646
32 49
157 282
806 686
42 650
646 853
144 928
793 160
763 388
617 82
40 33
209 591
902 513
149 649
259 378
819 49
145 277
738 952
561 445
95 591
746 588
497 476
359 783
136 333
292 406
509 14
324 538
132 864
640 820
54 212
165 732
583 586
33 931
997 553
853 366
377 597
770 106
187 167
840 20
506 962
772 789
415 153
647 686
782 360
517 171
725 657
55 155
906 489
669 149
219 806
506 500
269 668
873 918
678 320
431 436
771 536
221 812
196 258
982 383
